31
Mus_mattheyi_mtDNA                  0.0000000 0.1547324 0.1882736 0.2837508 0.2954610 0.3025625 0.3022612 0.3085152 0.2865367 0.2885226 0.3077486 0.3044160 0.2897990 0.2899542 0.2922754 0.2891476 0.2893995 0.3139808 0.4505640 0.4645597 0.4367953 0.4355492 0.4760542 0.4607943 0.4664075 0.5138642 0.5496140 0.5469407 0.4249955 0.4602255 0.4314466 
Mus_minutoides_OP764675.1           0.1547324 0.0000000 0.1913095 0.2839169 0.2924616 0.3068594 0.3061756 0.3139298 0.2840164 0.2859447 0.3081924 0.3116610 0.3065003 0.3066693 0.3069008 0.3022092 0.3019389 0.3109048 0.4594419 0.4644408 0.4266440 0.4475637 0.4686215 0.4650712 0.4732782 0.5291650 0.5582568 0.5486382 0.4171281 0.4560426 0.4325636 
Mus_baoulei_MN964115.1              0.1882736 0.1913095 0.0000000 0.2627831 0.2625221 0.2737685 0.2695384 0.2838900 0.2670083 0.2650831 0.2877817 0.2845795 0.2741959 0.2744481 0.2793726 0.2785283 0.2797572 0.2886052 0.4325001 0.4387070 0.3987261 0.4228434 0.4347833 0.4361014 0.4574510 0.4924651 0.5321555 0.5246766 0.4067810 0.4483551 0.4082920 
Mus_pahari_NC_036680.1              0.2837508 0.2839169 0.2627831 0.0000000 0.2605387 0.2740999 0.2624065 0.2753259 0.2689863 0.2601537 0.2752459 0.2744125 0.2545063 0.2548903 0.2637448 0.2604839 0.2587792 0.2793422 0.4333000 0.4324712 0.3917710 0.4137285 0.4402089 0.4415032 0.4486712 0.4834521 0.5331447 0.5143798 0.4197697 0.4537789 0.4007090 
Mus_cookii_KJ530561.1               0.2954610 0.2924616 0.2625221 0.2605387 0.0000000 0.0460975 0.1257858 0.1583140 0.1823780 0.1801540 0.2111041 0.2089179 0.1951471 0.1956918 0.1975739 0.1934930 0.1935300 0.2092605 0.4117256 0.4215738 0.4013181 0.4027121 0.4234623 0.4186711 0.4306469 0.4761642 0.4995911 0.4822181 0.4017361 0.4392944 0.3819985 
Mus_famulus_KX084803.1              0.3025625 0.3068594 0.2737685 0.2740999 0.0460975 0.0000000 0.1505290 0.1832211 0.1749815 0.1565556 0.2095017 0.2099726 0.1961078 0.1966512 0.1977255 0.1942264 0.1935572 0.2067637 0.4261695 0.4427831 0.4187958 0.4113360 0.4347917 0.4310073 0.4469929 0.4963183 0.5192176 0.4941362 0.4183798 0.4580408 0.3997953 
Mus_cervicolor_KJ530559.1           0.3022612 0.3061756 0.2695384 0.2624065 0.1257858 0.1505290 0.0000000 0.1614697 0.1858702 0.1863385 0.2087738 0.2101242 0.1983282 0.1986294 0.2033803 0.2003881 0.2002043 0.2125727 0.4244367 0.4441571 0.4129775 0.4189789 0.4198508 0.4180636 0.4310650 0.4850909 0.5028605 0.4791098 0.4063509 0.4337176 0.3879740 
Mus_caroli_KJ530558.1               0.3085152 0.3139298 0.2838900 0.2753259 0.1583140 0.1832211 0.1614697 0.0000000 0.2080008 0.1914287 0.2271443 0.2222901 0.2169486 0.2171524 0.2161889 0.2122476 0.2119083 0.2299911 0.4397916 0.4527065 0.4221366 0.4240714 0.4473469 0.4440734 0.4553182 0.4903860 0.5289883 0.5085271 0.4222519 0.4494880 0.4073601 
Mus_fragilicauda_KJ530563.1         0.2865367 0.2840164 0.2670083 0.2689863 0.1823780 0.1749815 0.1858702 0.2080008 0.0000000 0.1439844 0.1764870 0.1795618 0.1625597 0.1628116 0.1667993 0.1645823 0.1646043 0.1795109 0.4189791 0.4245331 0.4178415 0.4011715 0.4260511 0.4113315 0.4321128 0.4686358 0.4864440 0.4769831 0.4108760 0.4519004 0.3888997 
Mus_terricolor_EU352649.1           0.2885226 0.2859447 0.2650831 0.2601537 0.1801540 0.1565556 0.1863385 0.1914287 0.1439844 0.0000000 0.1741038 0.1745643 0.1676292 0.1678873 0.1712428 0.1683887 0.1681067 0.1694904 0.4168221 0.4274546 0.4210697 0.4077081 0.4128023 0.4155522 0.4304834 0.4740796 0.5004853 0.4788333 0.4100966 0.4409455 0.3846163 
Mus_macedonicus_OR840781.1          0.3077486 0.3081924 0.2877817 0.2752459 0.2111041 0.2095017 0.2087738 0.2271443 0.1764870 0.1741038 0.0000000 0.0601497 0.0767008 0.0767652 0.0778697 0.0734620 0.0742222 0.0961269 0.4464363 0.4562894 0.4341826 0.4240275 0.4448851 0.4321044 0.4467889 0.5060521 0.4950923 0.4854841 0.4188009 0.4514956 0.4060489 
Mus_spicilegus_NC_085425.1          0.3044160 0.3116610 0.2845795 0.2744125 0.2089179 0.2099726 0.2101242 0.2222901 0.1795618 0.1745643 0.0601497 0.0000000 0.0760625 0.0761257 0.0779164 0.0756623 0.0762671 0.0985198 0.4411959 0.4502253 0.4322012 0.4285749 0.4432062 0.4330077 0.4448746 0.5009092 0.5000727 0.4929302 0.4214853 0.4457170 0.3963328 
Mus_musculus_C57BL_6J_AY172335.1    0.2897990 0.3065003 0.2741959 0.2545063 0.1951471 0.1961078 0.1983282 0.2169486 0.1625597 0.1676292 0.0767008 0.0760625 0.0000000 0.0006484 0.0251458 0.0257003 0.0254498 0.0891129 0.4389047 0.4396722 0.4234729 0.4175293 0.4406233 0.4306356 0.4432648 0.4870093 0.4908437 0.4828831 0.4087416 0.4448247 0.3933981 
Mus_musculus_domesticus_OW971635.1  0.2899542 0.3066693 0.2744481 0.2548903 0.1956918 0.1966512 0.1986294 0.2171524 0.1628116 0.1678873 0.0767652 0.0761257 0.0006484 0.0000000 0.0252440 0.0259489 0.0256976 0.0894197 0.4388816 0.4397762 0.4234928 0.4176866 0.4405663 0.4309874 0.4439594 0.4872059 0.4909908 0.4836131 0.4096316 0.4453174 0.3944149 
Mus_musculus_castaneus_OW971845.1   0.2922754 0.3069008 0.2793726 0.2637448 0.1975739 0.1977255 0.2033803 0.2161889 0.1667993 0.1712428 0.0778697 0.0779164 0.0251458 0.0252440 0.0000000 0.0252824 0.0253379 0.0911627 0.4366189 0.4411947 0.4224315 0.4193273 0.4411681 0.4292671 0.4425975 0.4902022 0.4907734 0.4828859 0.4143368 0.4461934 0.3916428 
Mus_musculus_molossinus_OW971677.1  0.2891476 0.3022092 0.2785283 0.2604839 0.1934930 0.1942264 0.2003881 0.2122476 0.1645823 0.1683887 0.0734620 0.0756623 0.0257003 0.0259489 0.0252824 0.0000000 0.0026774 0.0899855 0.4379085 0.4398683 0.4234644 0.4181315 0.4408177 0.4291549 0.4469665 0.4926973 0.4954423 0.4859917 0.4132128 0.4403783 0.3929441 
Mus_musculus_musculus_OW971782.1    0.2893995 0.3019389 0.2797572 0.2587792 0.1935300 0.1935572 0.2002043 0.2119083 0.1646043 0.1681067 0.0742222 0.0762671 0.0254498 0.0256976 0.0253379 0.0026774 0.0000000 0.0900498 0.4366147 0.4393887 0.4208608 0.4168694 0.4403786 0.4282437 0.4456310 0.4920221 0.4939174 0.4867386 0.4123427 0.4406312 0.3924540 
Mus_spretus_OW971698.1              0.3139808 0.3109048 0.2886052 0.2793422 0.2092605 0.2067637 0.2125727 0.2299911 0.1795109 0.1694904 0.0961269 0.0985198 0.0891129 0.0894197 0.0911627 0.0899855 0.0900498 0.0000000 0.4474604 0.4525464 0.4395433 0.4305719 0.4479166 0.4403154 0.4564559 0.5119165 0.4962593 0.4928439 0.4293283 0.4467032 0.4048381 
Mastomys_coucha_MF062946.1          0.4505640 0.4594419 0.4325001 0.4333000 0.4117256 0.4261695 0.4244367 0.4397916 0.4189791 0.4168221 0.4464363 0.4411959 0.4389047 0.4388816 0.4366189 0.4379085 0.4366147 0.4474604 0.0000000 0.0990971 0.2920846 0.4601120 0.4784490 0.4438295 0.4561465 0.5072697 0.5286541 0.5106370 0.4451855 0.4636851 0.4261770 
Mastomys_natalensis_MG017593.1      0.4645597 0.4644408 0.4387070 0.4324712 0.4215738 0.4427831 0.4441571 0.4527065 0.4245331 0.4274546 0.4562894 0.4502253 0.4396722 0.4397762 0.4411947 0.4398683 0.4393887 0.4525464 0.0990971 0.0000000 0.2932572 0.4663837 0.4876007 0.4582599 0.4570690 0.5243832 0.5419503 0.5387746 0.4560492 0.4715768 0.4264741 
Hylomyscus_alleni_MZ131547.1        0.4367953 0.4266440 0.3987261 0.3917710 0.4013181 0.4187958 0.4129775 0.4221366 0.4178415 0.4210697 0.4341826 0.4322012 0.4234729 0.4234928 0.4224315 0.4234644 0.4208608 0.4395433 0.2920846 0.2932572 0.0000000 0.4214410 0.4487736 0.4471130 0.4501062 0.5002777 0.5224064 0.5082690 0.4318210 0.4556509 0.4079983 
Arvicanthis_niloticus_CM022273.1    0.4355492 0.4475637 0.4228434 0.4137285 0.4027121 0.4113360 0.4189789 0.4240714 0.4011715 0.4077081 0.4240275 0.4285749 0.4175293 0.4176866 0.4193273 0.4181315 0.4168694 0.4305719 0.4601120 0.4663837 0.4214410 0.0000000 0.3624616 0.4345233 0.4462346 0.4968474 0.5036504 0.4955599 0.4445308 0.4791940 0.4213731 
Grammomys_surdaster_MN807579.1      0.4760542 0.4686215 0.4347833 0.4402089 0.4234623 0.4347917 0.4198508 0.4473469 0.4260511 0.4128023 0.4448851 0.4432062 0.4406233 0.4405663 0.4411681 0.4408177 0.4403786 0.4479166 0.4784490 0.4876007 0.4487736 0.3624616 0.0000000 0.4579958 0.4651618 0.4996353 0.5290106 0.5034244 0.4604653 0.4942957 0.4499457 
Rattus_norvegicus_AY172581.1        0.4607943 0.4650712 0.4361014 0.4415032 0.4186711 0.4310073 0.4180636 0.4440734 0.4113315 0.4155522 0.4321044 0.4330077 0.4306356 0.4309874 0.4292671 0.4291549 0.4282437 0.4403154 0.4438295 0.4582599 0.4471130 0.4345233 0.4579958 0.0000000 0.1388833 0.4191323 0.4873749 0.4837923 0.4542815 0.4773566 0.4230427 
Rattus_rattus_EU273707.1            0.4664075 0.4732782 0.4574510 0.4486712 0.4306469 0.4469929 0.4310650 0.4553182 0.4321128 0.4304834 0.4467889 0.4448746 0.4432648 0.4439594 0.4425975 0.4469665 0.4456310 0.4564559 0.4561465 0.4570690 0.4501062 0.4462346 0.4651618 0.1388833 0.0000000 0.4337735 0.5051425 0.4992886 0.4729222 0.4914657 0.4366870 
Micromys_minutus_OZ004814.1         0.5138642 0.5291650 0.4924651 0.4834521 0.4761642 0.4963183 0.4850909 0.4903860 0.4686358 0.4740796 0.5060521 0.5009092 0.4870093 0.4872059 0.4902022 0.4926973 0.4920221 0.5119165 0.5072697 0.5243832 0.5002777 0.4968474 0.4996353 0.4191323 0.4337735 0.0000000 0.5560757 0.5415287 0.4958149 0.5282385 0.4679088 
Tokudaia_osimensis_LC642727.1       0.5496140 0.5582568 0.5321555 0.5331447 0.4995911 0.5192176 0.5028605 0.5289883 0.4864440 0.5004853 0.4950923 0.5000727 0.4908437 0.4909908 0.4907734 0.4954423 0.4939174 0.4962593 0.5286541 0.5419503 0.5224064 0.5036504 0.5290106 0.4873749 0.5051425 0.5560757 0.0000000 0.1306388 0.4557701 0.4905846 0.4569621 
Tokudaia_tokunoshimensis_LC778284.1 0.5469407 0.5486382 0.5246766 0.5143798 0.4822181 0.4941362 0.4791098 0.5085271 0.4769831 0.4788333 0.4854841 0.4929302 0.4828831 0.4836131 0.4828859 0.4859917 0.4867386 0.4928439 0.5106370 0.5387746 0.5082690 0.4955599 0.5034244 0.4837923 0.4992886 0.5415287 0.1306388 0.0000000 0.4461630 0.4834570 0.4389978 
Apodemus_sylvaticus_NC_049122.1     0.4249955 0.4171281 0.4067810 0.4197697 0.4017361 0.4183798 0.4063509 0.4222519 0.4108760 0.4100966 0.4188009 0.4214853 0.4087416 0.4096316 0.4143368 0.4132128 0.4123427 0.4293283 0.4451855 0.4560492 0.4318210 0.4445308 0.4604653 0.4542815 0.4729222 0.4958149 0.4557701 0.4461630 0.0000000 0.1650783 0.3097526 
Apodemus_uralensis_mtDNA            0.4602255 0.4560426 0.4483551 0.4537789 0.4392944 0.4580408 0.4337176 0.4494880 0.4519004 0.4409455 0.4514956 0.4457170 0.4448247 0.4453174 0.4461934 0.4403783 0.4406312 0.4467032 0.4636851 0.4715768 0.4556509 0.4791940 0.4942957 0.4773566 0.4914657 0.5282385 0.4905846 0.4834570 0.1650783 0.0000000 0.3356915 
Apodemus_agrarius_NC_016428.1       0.4314466 0.4325636 0.4082920 0.4007090 0.3819985 0.3997953 0.3879740 0.4073601 0.3888997 0.3846163 0.4060489 0.3963328 0.3933981 0.3944149 0.3916428 0.3929441 0.3924540 0.4048381 0.4261770 0.4264741 0.4079983 0.4213731 0.4499457 0.4230427 0.4366870 0.4679088 0.4569621 0.4389978 0.3097526 0.3356915 0.0000000 
